3.959999999999999978e-03 -1.000000000000000082e-05 -1.800000000000000113e-04
3.959999999999999978e-03 -1.000000000000000082e-05 -2.000000000000000096e-04
4.400000000000000265e-03 -1.000000000000000048e-04 -2.000000000000000096e-04
3.959999999999999978e-03 -1.000000000000000082e-05 -2.000000000000000096e-04
4.400000000000000265e-03 -1.000000000000000048e-04 -2.000000000000000096e-04
3.959999999999999978e-03 -1.000000000000000082e-05 -2.000000000000000096e-04
3.959999999999999978e-03 -9.000000000000000228e-06 -2.000000000000000096e-04
4.400000000000000265e-03 -1.000000000000000048e-04 -2.000000000000000096e-04
4.253333333333333792e-03 -1.000000000000000048e-04 -2.000000000000000096e-04
4.106666666666666451e-03 -1.000000000000000082e-05 -2.000000000000000096e-04
4.400000000000000265e-03 -1.000000000000000048e-04 -2.000000000000000096e-04
4.400000000000000265e-03 -1.000000000000000048e-04 -2.000000000000000096e-04
4.400000000000000265e-03 -1.000000000000000048e-04 -2.000000000000000096e-04
4.400000000000000265e-03 -1.000000000000000048e-04 -2.000000000000000096e-04
3.959999999999999978e-03 -1.000000000000000082e-05 -2.000000000000000096e-04
4.400000000000000265e-03 -1.000000000000000048e-04 -2.000000000000000096e-04
3.959999999999999978e-03 -1.000000000000000082e-05 -2.000000000000000096e-04
4.400000000000000265e-03 -1.000000000000000048e-04 -2.000000000000000096e-04
4.840000000000000552e-03 -1.000000000000000048e-04 -2.000000000000000096e-04
4.400000000000000265e-03 -1.000000000000000048e-04 -2.000000000000000096e-04
4.400000000000000265e-03 -1.000000000000000048e-04 -2.000000000000000096e-04
4.400000000000000265e-03 -1.000000000000000048e-04 -2.000000000000000096e-04
4.400000000000000265e-03 -1.000000000000000048e-04 -2.000000000000000096e-04
4.400000000000000265e-03 -1.000000000000000048e-04 -2.000000000000000096e-04
4.400000000000000265e-03 -1.000000000000000048e-04 -2.000000000000000096e-04
3.959999999999999978e-03 -1.000000000000000082e-05 -2.000000000000000096e-04
4.400000000000000265e-03 -1.000000000000000048e-04 -2.000000000000000096e-04
