6.092592592592592782e-01 -2.000000000000000111e-01 -4.000000000000000083e-03
2.500000000000000000e-01 -2.000000000000000111e-01 -1.000000000000000021e-03
7.055555555555556024e-01 -2.000000000000000111e-01 -4.000000000000000083e-03
2.777777777777777901e-01 -2.000000000000000111e-01 -2.000000000000000042e-03
5.000000000000000000e-01 -1.000000000000000056e-01 -1.000000000000000021e-03
7.055555555555556024e-01 -2.000000000000000111e-01 -4.000000000000000083e-03
2.500000000000000000e-01 -2.000000000000000111e-01 -4.000000000000000083e-03
5.129629629629629539e-01 -2.000000000000000111e-01 -1.799999999999999951e-03
5.913580246913580085e-01 -2.000000000000000111e-01 -4.000000000000000083e-03
5.456790123456790598e-01 -2.000000000000000111e-01 -2.000000000000000042e-03
7.055555555555556024e-01 -2.000000000000000111e-01 -4.000000000000000083e-03
7.055555555555556024e-01 -2.000000000000000111e-01 -4.000000000000000083e-03
2.500000000000000000e-01 -2.000000000000000111e-01 -2.200000000000000133e-03
5.500000000000000444e-01 -2.000000000000000111e-01 -1.799999999999999951e-03
2.500000000000000000e-01 -2.000000000000000111e-01 -1.000000000000000021e-03
3.333333333333333148e-01 -2.000000000000000111e-01 -4.000000000000000083e-03
4.166666666666666852e-01 -5.500000000000000722e-02 -1.000000000000000021e-03
3.333333333333333148e-01 -1.000000000000000056e-01 -4.000000000000000083e-03
2.500000000000000000e-01 -2.000000000000000111e-01 -2.000000000000000042e-03
2.500000000000000000e-01 -2.000000000000000111e-01 -2.000000000000000042e-03
5.000000000000000000e-01 -1.000000000000000056e-01 -1.000000000000000021e-03
5.685185185185185341e-01 -1.000000000000000056e-01 -1.000000000000000021e-03
2.500000000000000000e-01 -1.000000000000000056e-01 -4.000000000000000083e-03
7.055555555555556024e-01 -2.000000000000000111e-01 -4.000000000000000083e-03
5.000000000000000000e-01 -2.000000000000000111e-01 -2.000000000000000042e-03
2.500000000000000000e-01 -2.000000000000000111e-01 -2.000000000000000042e-03
6.092592592592592782e-01 -2.000000000000000111e-01 -4.000000000000000083e-03
