2.899400000000000421e+00 -5.500000000000000444e-01 -1.316699999999999988e-02
2.899400000000000421e+00 -6.050000000000000933e-01 -1.463000000000000064e-02
2.899400000000000421e+00 -5.500000000000000444e-01 -1.463000000000000064e-02
2.609460000000000335e+00 -5.500000000000000444e-01 -1.099999999999999936e-02
2.899400000000000421e+00 -5.500000000000000444e-01 -1.099999999999999936e-02
2.899400000000000421e+00 -5.500000000000000444e-01 -1.463000000000000064e-02
2.899400000000000421e+00 -5.500000000000000444e-01 -8.250000000000000389e-03
2.899400000000000421e+00 -6.050000000000000933e-01 -1.463000000000000064e-02
2.899400000000000421e+00 -6.050000000000000933e-01 -1.463000000000000064e-02
2.899400000000000421e+00 -5.500000000000000444e-01 -8.250000000000000389e-03
2.899400000000000421e+00 -5.500000000000000444e-01 -1.463000000000000064e-02
2.899400000000000421e+00 -6.050000000000000933e-01 -1.463000000000000064e-02
2.899400000000000421e+00 -5.500000000000000444e-01 -1.463000000000000064e-02
2.899400000000000421e+00 -5.500000000000000444e-01 -8.250000000000000389e-03
2.899400000000000421e+00 -5.500000000000000444e-01 -1.463000000000000064e-02
2.899400000000000421e+00 -5.500000000000000444e-01 -8.250000000000000389e-03
2.899400000000000421e+00 -5.500000000000000444e-01 -8.250000000000000389e-03
2.899400000000000421e+00 -5.500000000000000444e-01 -1.463000000000000064e-02
2.899400000000000421e+00 -5.500000000000000444e-01 -8.250000000000000389e-03
2.899400000000000421e+00 -5.500000000000000444e-01 -1.463000000000000064e-02
2.899400000000000421e+00 -5.500000000000000444e-01 -8.250000000000000389e-03
2.899400000000000421e+00 -5.500000000000000444e-01 -8.250000000000000389e-03
2.899400000000000421e+00 -5.500000000000000444e-01 -1.463000000000000064e-02
2.899400000000000421e+00 -5.500000000000000444e-01 -8.250000000000000389e-03
2.899400000000000421e+00 -5.500000000000000444e-01 -1.463000000000000064e-02
3.189340000000000508e+00 -6.050000000000000933e-01 -1.463000000000000064e-02
2.899400000000000421e+00 -6.050000000000000933e-01 -1.463000000000000064e-02
