4.360000000000000320e+00 -2.750000000000000222e-01 -5.499999999999999681e-03
4.360000000000000320e+00 -6.050000000000000933e-01 -1.099999999999999936e-02
2.180000000000000160e+00 -2.750000000000000222e-01 -5.499999999999999681e-03
4.360000000000000320e+00 -2.750000000000000222e-01 -5.499999999999999681e-03
4.360000000000000320e+00 -2.750000000000000222e-01 -6.049999999999999822e-03
4.360000000000000320e+00 -2.750000000000000222e-01 -5.499999999999999681e-03
3.633333333333333748e+00 -2.750000000000000222e-01 -5.499999999999999681e-03
2.906666666666666732e+00 -2.750000000000000222e-01 -5.499999999999999681e-03
4.360000000000000320e+00 -2.750000000000000222e-01 -5.499999999999999681e-03
4.360000000000000320e+00 -6.050000000000000933e-01 -1.099999999999999936e-02
1.816666666666666874e+00 -2.750000000000000222e-01 -5.499999999999999681e-03
2.180000000000000160e+00 -5.500000000000000444e-01 -1.099999999999999936e-02
1.897407407407407431e+00 -9.900000000000001021e-01 -1.209999999999999964e-02
1.614814814814814925e+00 -5.500000000000000444e-01 -1.209999999999999964e-02
1.332222222222222197e+00 -5.500000000000000444e-01 -1.209999999999999964e-02
