2.500000000000000000e-01 -2.000000000000000111e-01 -4.000000000000000083e-03
2.500000000000000000e-01 -1.000000000000000056e-01 -4.400000000000000265e-03
5.000000000000000000e-01 -1.000000000000000056e-01 -4.400000000000000265e-03
5.000000000000000000e-01 -2.000000000000000111e-01 -3.599999999999999901e-03
2.500000000000000000e-01 -5.000000000000000278e-02 -4.000000000000000083e-03
5.000000000000000000e-01 -5.000000000000000278e-02 -1.000000000000000021e-03
4.166666666666666852e-01 -2.000000000000000111e-01 -1.000000000000000021e-03
3.333333333333333148e-01 -5.000000000000000278e-02 -2.000000000000000042e-03
5.000000000000000000e-01 -1.000000000000000056e-01 -1.000000000000000021e-03
2.500000000000000000e-01 -2.000000000000000111e-01 -2.000000000000000042e-03
2.500000000000000000e-01 -5.000000000000000278e-02 -4.000000000000000083e-03
2.500000000000000000e-01 -5.000000000000000278e-02 -1.000000000000000021e-03
5.000000000000000000e-01 -1.000000000000000056e-01 -2.000000000000000042e-03
2.500000000000000000e-01 -1.000000000000000056e-01 -1.000000000000000021e-03
5.000000000000000000e-01 -5.000000000000000278e-02 -1.000000000000000021e-03
5.000000000000000000e-01 -5.000000000000000278e-02 -1.000000000000000021e-03
1.000000000000000000e+00 -5.000000000000000278e-02 -4.000000000000000083e-03
2.500000000000000000e-01 -1.000000000000000056e-01 -4.400000000000000265e-03
5.000000000000000000e-01 -2.000000000000000111e-01 -1.000000000000000021e-03
1.000000000000000000e+00 -1.000000000000000056e-01 -2.000000000000000042e-03
5.000000000000000000e-01 -5.000000000000000278e-02 -1.000000000000000021e-03
2.500000000000000000e-01 -1.000000000000000056e-01 -2.000000000000000042e-03
8.333333333333333703e-01 -2.000000000000000111e-01 -1.000000000000000021e-03
6.666666666666666297e-01 -1.000000000000000056e-01 -4.000000000000000083e-03
2.500000000000000000e-01 -2.000000000000000111e-01 -2.000000000000000042e-03
2.500000000000000000e-01 -5.500000000000000722e-02 -2.000000000000000042e-03
2.500000000000000000e-01 -1.000000000000000056e-01 -4.000000000000000083e-03
