4.400000000000000265e-03 -1.000000000000000048e-04 -2.000000000000000042e-03
4.400000000000000265e-03 -1.000000000000000048e-04 -2.000000000000000042e-02
4.400000000000000265e-03 -1.000000000000000048e-04 -2.000000000000000096e-04
4.400000000000000265e-03 -1.000000000000000021e-03 -2.000000000000000042e-03
4.400000000000000265e-03 -1.000000000000000021e-03 -2.000000000000000042e-02
4.400000000000000265e-03 -1.000000000000000021e-03 -2.000000000000000096e-04
4.400000000000000265e-03 -1.000000000000000082e-05 -2.000000000000000042e-03
4.400000000000000265e-03 -1.000000000000000082e-05 -2.000000000000000042e-02
4.400000000000000265e-03 -1.000000000000000082e-05 -2.000000000000000096e-04
4.400000000000000439e-02 -1.000000000000000048e-04 -2.000000000000000042e-03
4.400000000000000439e-02 -1.000000000000000048e-04 -2.000000000000000042e-02
4.400000000000000439e-02 -1.000000000000000048e-04 -2.000000000000000096e-04
4.400000000000000439e-02 -1.000000000000000021e-03 -2.000000000000000042e-03
4.400000000000000439e-02 -1.000000000000000021e-03 -2.000000000000000042e-02
4.400000000000000439e-02 -1.000000000000000021e-03 -2.000000000000000096e-04
4.400000000000000439e-02 -1.000000000000000082e-05 -2.000000000000000042e-03
4.400000000000000439e-02 -1.000000000000000082e-05 -2.000000000000000042e-02
4.400000000000000439e-02 -1.000000000000000082e-05 -2.000000000000000096e-04
4.400000000000000157e-04 -1.000000000000000048e-04 -2.000000000000000042e-03
4.400000000000000157e-04 -1.000000000000000048e-04 -2.000000000000000042e-02
4.400000000000000157e-04 -1.000000000000000048e-04 -2.000000000000000096e-04
4.400000000000000157e-04 -1.000000000000000021e-03 -2.000000000000000042e-03
4.400000000000000157e-04 -1.000000000000000021e-03 -2.000000000000000042e-02
4.400000000000000157e-04 -1.000000000000000021e-03 -2.000000000000000096e-04
4.400000000000000157e-04 -1.000000000000000082e-05 -2.000000000000000042e-03
4.400000000000000157e-04 -1.000000000000000082e-05 -2.000000000000000042e-02
4.400000000000000157e-04 -1.000000000000000082e-05 -2.000000000000000096e-04
