4.500000000000000000e+00 -1.100000000000000089e+00 -2.199999999999999872e-02
4.500000000000000000e+00 -1.100000000000000089e+00 -2.199999999999999872e-02
4.950000000000000178e+00 -1.100000000000000089e+00 -2.199999999999999872e-02
4.500000000000000000e+00 -1.100000000000000089e+00 -2.199999999999999872e-02
4.500000000000000000e+00 -1.100000000000000089e+00 -2.199999999999999872e-02
4.500000000000000000e+00 -1.000000000000000000e+00 -2.199999999999999872e-02
4.537037037037037202e+00 -1.100000000000000089e+00 -2.199999999999999872e-02
4.500000000000000000e+00 -1.100000000000000089e+00 -2.199999999999999872e-02
4.500000000000000000e+00 -1.100000000000000089e+00 -2.199999999999999872e-02
4.500000000000000000e+00 -1.100000000000000089e+00 -2.419999999999999929e-02
4.500000000000000000e+00 -1.100000000000000089e+00 -2.199999999999999872e-02
4.500000000000000000e+00 -1.100000000000000089e+00 -2.199999999999999872e-02
4.500000000000000000e+00 -1.100000000000000089e+00 -2.199999999999999872e-02
4.500000000000000000e+00 -1.100000000000000089e+00 -2.199999999999999872e-02
4.500000000000000000e+00 -1.100000000000000089e+00 -2.199999999999999872e-02
4.500000000000000000e+00 -1.100000000000000089e+00 -2.199999999999999872e-02
4.500000000000000000e+00 -1.100000000000000089e+00 -2.199999999999999872e-02
4.500000000000000000e+00 -1.100000000000000089e+00 -2.199999999999999872e-02
4.500000000000000000e+00 -1.100000000000000089e+00 -2.419999999999999929e-02
4.537037037037037202e+00 -1.100000000000000089e+00 -2.419999999999999929e-02
4.500000000000000000e+00 -1.100000000000000089e+00 -2.199999999999999872e-02
4.500000000000000000e+00 -1.100000000000000089e+00 -2.199999999999999872e-02
4.500000000000000000e+00 -1.100000000000000089e+00 -2.199999999999999872e-02
4.500000000000000000e+00 -1.100000000000000089e+00 -2.199999999999999872e-02
4.537037037037037202e+00 -1.100000000000000089e+00 -2.199999999999999872e-02
4.500000000000000000e+00 -1.100000000000000089e+00 -2.199999999999999872e-02
4.500000000000000000e+00 -1.100000000000000089e+00 -2.199999999999999872e-02
