1.635000000000000231e+00 -4.125000000000000333e-01 -8.250000000000000389e-03
2.180000000000000160e+00 -6.583500000000001018e-01 -1.609299999999999967e-02
2.180000000000000160e+00 -6.583500000000001018e-01 -1.609299999999999967e-02
2.180000000000000160e+00 -6.583500000000001018e-01 -1.609299999999999967e-02
2.180000000000000160e+00 -6.583500000000001018e-01 -1.609299999999999967e-02
2.180000000000000160e+00 -6.583500000000001018e-01 -1.609299999999999967e-02
2.180000000000000160e+00 -6.583500000000001018e-01 -1.609299999999999967e-02
2.180000000000000160e+00 -6.583500000000001018e-01 -1.609299999999999967e-02
1.635000000000000231e+00 -4.125000000000000333e-01 -1.099999999999999936e-02
2.180000000000000160e+00 -6.583500000000001018e-01 -1.609299999999999967e-02
2.180000000000000160e+00 -6.583500000000001018e-01 -1.609299999999999967e-02
2.180000000000000160e+00 -7.241850000000000787e-01 -1.448369999999999866e-02
2.107333333333333503e+00 -6.583500000000001018e-01 -1.609299999999999967e-02
2.034666666666666845e+00 -5.500000000000000444e-01 -9.074999999999999734e-03
2.180000000000000160e+00 -6.583500000000001018e-01 -1.609299999999999967e-02
1.998333333333333517e+00 -5.500000000000000444e-01 -8.250000000000000389e-03
2.180000000000000160e+00 -6.583500000000001018e-01 -1.609299999999999967e-02
2.180000000000000160e+00 -5.925150000000001249e-01 -1.609299999999999967e-02
2.180000000000000160e+00 -6.583500000000001018e-01 -1.609299999999999967e-02
1.635000000000000231e+00 -4.125000000000000333e-01 -1.099999999999999936e-02
2.180000000000000160e+00 -6.583500000000001018e-01 -1.609299999999999967e-02
2.180000000000000160e+00 -6.583500000000001018e-01 -1.609299999999999967e-02
2.180000000000000160e+00 -5.925150000000001249e-01 -1.609299999999999967e-02
1.962000000000000188e+00 -6.583500000000001018e-01 -1.448369999999999866e-02
2.180000000000000160e+00 -6.583500000000001018e-01 -1.609299999999999967e-02
2.180000000000000160e+00 -6.583500000000001018e-01 -1.609299999999999967e-02
2.180000000000000160e+00 -6.583500000000001018e-01 -1.609299999999999967e-02
