0 18844653334.657246
[2.18, -0.55, -0.011]

0 19891385543.868282
[2.18, -0.55, -0.022]

0 17857267933.127586
[2.18, -0.55, -0.0055]

0 51967626147.4152
[2.18, -1.1, -0.011]

0 51315125486.88428
[2.18, -1.1, -0.022]

0 52121272689.98413
[2.18, -1.1, -0.0055]

0 8441418420.511102
[2.18, -0.275, -0.011]

0 8981918670.75105
[2.18, -0.275, -0.022]

0 7286891000.651045
[2.18, -0.275, -0.0055]

0 1318520401.1595254
[4.36, -0.55, -0.011]

0 1742469696.041275
[4.36, -0.55, -0.022]

0 1108112194.0304186
[4.36, -0.55, -0.0055]

0 3989319862.3327193
[4.36, -1.1, -0.011]

0 4091672913.772888
[4.36, -1.1, -0.022]

0 3475128598.332875
[4.36, -1.1, -0.0055]

0 1247701188.2037263
[4.36, -0.275, -0.011]

0 1792598673.808239
[4.36, -0.275, -0.022]

0 883530126.1632625
[4.36, -0.275, -0.0055]

0 57122039766.11448
[1.09, -0.55, -0.011]

0 57988570303.212975
[1.09, -0.55, -0.022]

0 58404479315.00291
[1.09, -0.55, -0.0055]

0 47757961025.78487
[1.09, -1.1, -0.011]

0 47586719174.28549
[1.09, -1.1, -0.022]

0 47105177381.883156
[1.09, -1.1, -0.0055]

0 39702420932.69325
[1.09, -0.275, -0.011]

