1600331642.72122944
1600332226.4150687
1600332742.1688163
1600333328.35130957
1600333976.34175187
1600334482.66100369
1600334997.71105356
1600335574.63149713
1600336114.4789409
1600336545.6370912
1600336946.1377241
1600337334.1771717
1600337756.5269240
1600338191.2473332
1600338577.1569667
1600338956.1765576
1600339333.2265389
1600339714.5171380
1600340952.68380736
1600342223.03418547
1600343193.36375478
1600344241.42427402
1600345479.41458463
1600346808.47412328
1600347805.47359948
1600348691.92387967
1600349497.62343355
1600349941.04105309
1600350286.5471895
1600350645.7467703
1600350997.7878256
1600351336.8970859
1600351680.8764733
1600352017.9769405
1600352446.798606
1600352785.270593
1600353106.1766704
1600353558.2695035
1600354144.2897514
1600354685.1381069
1600355221.0399303
1600355665.5670388
1600356175.41102742
1600356639.2591149
1600357094.2996421
1600357632.8394853
1600358292.898913
1600358959.3793791
1600359622.7489296
1600360118.998856
1600360550.5296629
1600360912.7867231
1600361353.5395350
1600361759.4685267
1600362192.32103067
1600362619.7492556
1600363057.5995894
1600363510.097315
1600363944.37104270
1600364375.36108342
1600364800.9899822
1600365233.5896764
1600365668.41101708
1600366104.6598286
1600366535.1598527
1600366981.74103363
1600367413.2798772
1600367845.9598574
1600368273.98102215
1600368715.8296475
1600369157.4394110
1600369595.5997585
1600370024.9698611
1600370461.2698493
1600370895.5796866
1600371332.4199437
1600371764.9898665
1600372196.3298095
1600372623.7396671
1600373053.4899838
1600373497.9497216
1600373936.8797683
1600374377.1693690
1600374811.995182
1600375244.84101523
1600375677.1999927
1600376105.8100934
1600376533.2493243
1600376967.85101163
1600377401.9191383
1600377832.32101360
1600378261.08100872
1600378703.4297027
1600379148.3994704
1600379580.3198922
1600380006.04101917
1600380436.2697470
1600380877.2490391
1600381313.8798453
1600381747.793666
1600382187.05100612
1600382624.2897921
1600383051.3295666
1600383490.86101994
1600383947.398324
1600384389.8596519
1600384824.1197378
1600385260.24104611
1600385701.0695673
1600386126.4584638
1600386559.9396557
1600386992.28101255
1600387426.5495514
1600387876.6791347
1600388315.8395524
1600388748.894008
1600389175.9199797
1600389608.75100723
1600390040.2995588
1600390467.2899584
1600390896.6999182
1600391330.46103636
1600391761.96100249
1600392193.5993910
1600392620.3199948
1600393054.71103576
1600393498.25101159
1600393925.7796515
1600394352.9891863
1600394783.31105282
