1601295778.315730709
1601296763.375808810
1601297576.05785650
1601298387.255704854
1601298740.416934740
1601299097.017054465
1601299453.356915251
1601299968.574161641
1601300492.253985356
1601301131.434081000
1601301550.351676586
1601301972.551702307
1601302396.81611761
1601302782.491712258
1601303168.991771453
1601303553.031812717
1601303968.161809700
1601304390.681752750
1601304807.931742241
1601305376.567087079
1601305941.426884592
1601306514.287048155
1601306907.367044209
1601307322.856915103
1601307680.36993217
1601308973.419338059
1601310246.99589632
1601311529.829580579
1601311827.141736868
1601312161.881814981
1601312534.61691011
1601313155.114262281
1601313555.31546454
1601313893.571687643
1601314447.14077370
1601314787.271766689
1601315183.991676793
1601315554.691876811
1601315917.391602644
1601316289.331934555
1601316683.311735169
1601317107.861687739
1601317532.696786066
1601317911.771751006
1601318298.831641598
1601318673.121733452
1601319073.541722779
1601319454.41680244
1601319812.791748854
1601320203.711624929
1601320591.71697861
1601320976.071622875
1601321317.061746471
1601321705.991693905
1601322067.271792857
1601322432.581878204
1601322809.761698534
1601323187.421840002
1601323530.41659013
1601323891.771928438
1601324243.291749967
1601324620.891953889
1601324997.651501147
1601325421.921709232
1601325798.731829727
1601326130.091843255
1601326555.331879129
1601327005.481626862
1601327443.411734110
1601327852.971902323
1601328314.021651559
1601328719.081819815
1601329098.951825051
1601329511.911634450
1601329903.961910556
1601330296.111804439
1601330695.891807312
1601331078.821840381
1601331477.911718289
1601331909.811877608
1601332299.841698207
1601332692.761666959
1601333086.51791318
1601333488.321900311
1601333869.411771756
1601334259.031818246
1601334719.641789339
1601335130.581909876
1601335515.731643772
1601335891.891759321
1601336285.791810440
1601336659.241742016
1601337020.341760141
1601337412.081791847
1601337783.571656720
1601338169.851747151
1601338608.741807801
1601339060.981838526
1601339481.261856657
1601339866.681742632
1601340288.231790572
1601340681.021584651
1601341083.781816130
1601341496.411851671
1601341907.611866384
1601342289.751727378
1601342703.631632372
1601343129.021865418
1601343534.41749199
1601343967.21855405
1601344358.911756673
1601344752.71752216
1601345148.721832716
1601345548.21797736
1601345927.281787326
1601346368.651827970
1601346788.441979503
1601347193.751740196
1601347567.651903567
1601347948.831924381
1601348326.431681288
1601348669.11821671
1601349027.921902665
1601349377.731831994
1601349721.511754755
1601350084.861900048
1601350428.11694230
1601350774.671744773
1601351142.211890902
1601351533.471795043
1601351960.851853016
1601352348.381849757
1601352690.751839765
1601353001.041832430
1601353326.241925254
1601353644.851742037
1601353970.851853289
1601354283.291816450
1601354590.361903597
1601354914.291964288
1601355235.641869992
1601355547.891761581
1601355885.151748920
1601356249.491957434
1601356652.821890849
1601357057.751790898
1601357446.211961503
1601357794.41900280
1601358119.831879635
1601358445.291837722
1601358750.621803347
1601359059.741775119
1601359380.471900748
1601359701.221910500
1601360024.11898696
1601360348.712024475
1601360671.451832523
1601360995.441828573
1601361304.131817562
1601361609.871806434
1601361916.831834179
1601362239.961975372
1601362549.111727853
1601362871.681817753
1601363190.431897690
1601363508.691820772
1601363896.541879371
1601364305.421875045
1601364790.981830137
1601365241.441855383
1601365726.511822018
1601366209.241862385
1601366669.911838577
1601367028.821846940
1601367384.571940792
1601367761.641793844
1601368129.631866298
1601368491.931973073
1601368840.11898707
1601369242.271895620
1601369622.412023104
1601370023.461924161
1601370456.691836284
1601370918.171738526
1601371400.742019746
1601371848.611874408
1601372271.991928908
1601372669.631843216
1601373057.761951500
1601373412.621933519
1601373764.21830423
1601374118.441902581
1601374483.041825379
1601374837.161947950
1601375205.681850436
1601375630.211947148
1601376008.351917931
1601376378.741862936
1601376764.211879349
1601377125.552035918
1601377471.611931143
1601377836.091750967
1601378218.11827348
1601378652.221936709
1601379009.371951460
1601379362.011923850
1601379700.291920444
1601380021.611892500
1601380345.171788201
1601380690.941853900
1601381034.61988109
1601381359.881839219
1601381688.211853725
1601382041.231887995
1601382352.721782007
1601382669.51799533
1601382988.481772570
